S2S3: -0.10340310633182525635
H: -6.41692018508911132812
